8 41
91 69 93 219 219 219 219 219 219 219 219 219 219 219 219 219 219 219 219 219 219 219 219 219 219 219 219 219 219 219 219 219 219 219 219 219 219 219 219 219 0 
219 219 219 219 219 219 219 219 219 219 219 219 0 0 0 219 0 219 0 219 0 0 0 219 0 0 0 219 219 219 219 219 219 219 219 219 219 219 219 219 176 
219 219 219 219 219 219 219 219 219 219 219 219 0 219 219 219 0 219 0 219 219 0 219 219 219 0 219 219 219 219 219 219 219 219 219 219 219 219 219 219 176 
219 219 219 219 219 219 219 219 219 219 219 219 0 0 0 219 219 0 219 219 219 0 219 219 219 0 219 219 219 219 219 219 219 219 219 219 219 219 219 219 176 
219 219 219 219 219 219 219 219 219 219 219 219 0 219 219 219 0 219 0 219 219 0 219 219 219 0 219 219 219 219 219 219 219 219 219 219 219 219 219 219 176 
219 219 219 219 219 219 219 219 219 219 219 219 0 0 0 219 0 219 0 219 0 0 0 219 219 0 219 219 219 219 219 219 219 219 219 219 219 219 219 219 176 
219 219 219 219 219 219 219 219 219 219 219 219 219 219 219 219 219 219 219 219 219 219 219 219 219 219 219 219 219 219 219 219 219 219 219 219 219 219 219 219 176 
0 176 176 176 176 176 176 176 176 176 176 176 176 176 176 176 176 176 176 176 176 176 176 176 176 176 176 176 176 176 176 176 176 176 176 176 176 176 176 176 176 
11 11 11 187 187 187 187 187 187 187 187 187 187 187 187 187 187 187 187 187 187 187 187 187 187 187 187 187 187 187 187 187 187 187 187 187 187 187 187 187 15 
187 187 187 187 187 187 187 187 187 187 187 187 11 11 11 187 11 187 11 187 11 11 11 187 11 11 11 187 187 187 187 187 187 187 187 187 187 187 187 187 3 
187 187 187 187 187 187 187 187 187 187 187 187 11 187 187 187 11 187 11 187 187 11 187 187 187 11 187 187 187 187 187 187 187 187 187 187 187 187 187 187 3 
187 187 187 187 187 187 187 187 187 187 187 187 11 11 11 187 187 11 187 187 187 11 187 187 187 11 187 187 187 187 187 187 187 187 187 187 187 187 187 187 3 
187 187 187 187 187 187 187 187 187 187 187 187 11 187 187 187 11 187 11 187 187 11 187 187 187 11 187 187 187 187 187 187 187 187 187 187 187 187 187 187 3 
187 187 187 187 187 187 187 187 187 187 187 187 11 11 11 187 11 187 11 187 11 11 11 187 187 11 187 187 187 187 187 187 187 187 187 187 187 187 187 187 3 
187 187 187 187 187 187 187 187 187 187 187 187 187 187 187 187 187 187 187 187 187 187 187 187 187 187 187 187 187 187 187 187 187 187 187 187 187 187 187 187 3 
15 3 3 3 3 3 3 3 3 3 3 3 3 3 3 3 3 3 3 3 3 3 3 3 3 3 3 3 3 3 3 3 3 3 3 3 3 3 3 3 3 
