8 41
91 79 93 219 219 219 219 219 219 219 219 219 219 219 219 219 219 219 219 219 219 219 219 219 219 219 219 219 219 219 219 219 219 219 219 219 219 219 219 219 32 
219 219 219 219 219 32 32 219 219 32 32 32 219 219 32 32 32 219 32 32 32 219 219 32 32 219 219 32 219 219 32 219 219 32 32 32 219 219 219 219 176 
219 219 219 219 32 219 219 32 219 32 219 219 32 219 219 32 219 219 219 32 219 219 32 219 219 32 219 32 32 219 32 219 32 219 219 219 219 219 219 219 176 
219 219 219 219 32 219 219 32 219 32 219 219 32 219 219 32 219 219 219 32 219 219 32 219 219 32 219 32 219 32 32 219 219 32 32 219 219 219 219 219 176 
219 219 219 219 32 219 219 32 219 32 32 32 219 219 219 32 219 219 219 32 219 219 32 219 219 32 219 32 219 219 32 219 219 219 219 32 219 219 219 219 176 
219 219 219 219 219 32 32 219 219 32 219 219 219 219 219 32 219 219 32 32 32 219 219 32 32 219 219 32 219 219 32 219 32 32 32 219 219 219 219 219 176 
219 219 219 219 219 219 219 219 219 219 219 219 219 219 219 219 219 219 219 219 219 219 219 219 219 219 219 219 219 219 219 219 219 219 219 219 219 219 219 219 176 
32 176 176 176 176 176 176 176 176 176 176 176 176 176 176 176 176 176 176 176 176 176 176 176 176 176 176 176 176 176 176 176 176 176 176 176 176 176 176 176 176 
11 11 11 11 11 11 11 11 11 11 11 11 11 11 11 11 11 11 11 11 11 11 11 11 11 11 11 11 11 11 11 11 11 11 11 11 11 11 11 11 15 
11 11 11 11 11 11 11 11 11 11 11 11 11 11 11 11 11 11 11 11 11 11 11 11 11 11 11 11 11 11 11 11 11 11 11 11 11 11 11 11 3 
11 11 11 11 11 11 11 11 11 11 11 11 11 11 11 11 11 11 11 11 11 11 11 11 11 11 11 11 11 11 11 11 11 11 11 11 11 11 11 11 3 
11 11 11 11 11 11 11 11 11 11 11 11 11 11 11 11 11 11 11 11 11 11 11 11 11 11 11 11 11 11 11 11 11 11 11 11 11 11 11 11 3 
11 11 11 11 11 11 11 11 11 11 11 11 11 11 11 11 11 11 11 11 11 11 11 11 11 11 11 11 11 11 11 11 11 11 11 11 11 11 11 11 3 
11 11 11 11 11 11 11 11 11 11 11 11 11 11 11 11 11 11 11 11 11 11 11 11 11 11 11 11 11 11 11 11 11 11 11 11 11 11 11 11 3 
11 11 11 11 11 11 11 11 11 11 11 11 11 11 11 11 11 11 11 11 11 11 11 11 11 11 11 11 11 11 11 11 11 11 11 11 11 11 11 11 3 
15 3 3 3 3 3 3 3 3 3 3 3 3 3 3 3 3 3 3 3 3 3 3 3 3 3 3 3 3 3 3 3 3 3 3 3 3 3 3 3 3 
